%YAML:1.0

input_addres: "ipc"
output_addres: "ipc"

pid_path: "/tmp/disparity_calculator.pid"

is_calibration_classic: 1
is_frames_jpeg: 1
left_channel: "SLZcmCameraBaslerJpegFrame"
right_channel: "SRZcmCameraBaslerJpegFrame"
railway_channel: "RailsSegmentation"
stereo_points_channel: "StereoPoints"
disparity_channel: ""
points_channel: ""
clusters_channel: ""
hardware_binning: 1
software_binning: 4

width: 4096
height: 2048

mtxL: !!opencv-matrix
   rows: 3
   cols: 3
   dt: d
   data: [ 3.673661014738482208e+03, 0.000000000000000000e+00, 2.019529649839121930e+03,
           0.000000000000000000e+00, 3.704210517085838092e+03, 8.925693336974145495e+02,
           0.000000000000000000e+00, 0.000000000000000000e+00, 1.000000000000000000e+00 ]
mtxR: !!opencv-matrix
   rows: 3
   cols: 3
   dt: d
   data: [ 3.702072266764077995e+03, 0.000000000000000000e+00, 2.006545909112490335e+03,
           0.000000000000000000e+00, 3.721064962221036239e+03, 9.241834175707970189e+02,
           0.000000000000000000e+00, 0.000000000000000000e+00, 1.000000000000000000e+00 ]
distL: !!opencv-matrix
   rows: 1
   cols: 5
   dt: d
   data: [ -1.006240730597629668e-01, 2.761051173588399688e-01, -1.177681346232594024e-02, -1.557392013181308800e-03, -2.116206319971626892e-01 ]
distR: !!opencv-matrix
   rows: 1
   cols: 5
   dt: d
   data: [ -1.703819078331221815e-01, 4.157030372299909127e-01, -7.212849771064321026e-04, -5.477088887569690236e-03, -2.378245631903526947e-01 ]
rectifyL: !!opencv-matrix
   rows: 3
   cols: 3
   dt: d
   data: [ 9.212442238540275996e-01,  4.769540281103745727e-02,  3.860495156923307580e-01,
          -4.455013524785682300e-02,  9.988608743857558814e-01, -1.709500133726231386e-02,
          -3.864251097754750064e-01, -1.449886897733191661e-03,  9.223196476075936623e-01 ]
rectifyR: !!opencv-matrix
   rows: 3
   cols: 3
   dt: d
   data: [ 9.297851791262211618e-01,  4.178002093543740914e-02,  3.657238719688054585e-01,
          -4.475021406483797870e-02,  9.989981440617926589e-01, -3.556715410793546105e-04,
          -3.653723293003617312e-01, -1.603552343169289268e-02,  9.307233332037504470e-01 ]
projectL: !!opencv-matrix
   rows: 3
   cols: 4
   dt: d
   data: [
          
          ]
projectR: !!opencv-matrix
   rows: 3
   cols: 4
   dt: d
   data: [ 3.712637739653437166e+03, 0.000000000000000000e+00, -1.227399444580078125e+02, 0.000000000000000000e+00,
           0.000000000000000000e+00, 3.712637739653437166e+03,  9.253158950805664062e+02, 0.000000000000000000e+00,
           0.000000000000000000e+00, 0.000000000000000000e+00,  1.000000000000000000e+00, 0.000000000000000000e+00 ]
Q: !!opencv-matrix
   rows: 4
   cols: 4
   dt: d
   data: [ 1.000000000000000000e+00, 0.000000000000000000e+00, 0.000000000000000000e+00,  1.227399444580078125e+02,
           0.000000000000000000e+00, 1.000000000000000000e+00, 0.000000000000000000e+00, -9.253158950805664062e+02,
           0.000000000000000000e+00, 0.000000000000000000e+00, 0.000000000000000000e+00,  3.712637739653437166e+03,
           0.000000000000000000e+00, 0.000000000000000000e+00, 5.626013686659204760e-01, -0.000000000000000000e+00 ]
