%YAML:1.0
---
Rt_global: !!opencv-matrix
   rows: 4
   cols: 4
   dt: d
   data: [ 0., 3.1258398842829971e-03, 9.9999511455057510e-01,
       -7.8947560360543186e-03, -9.8190841585030275e-01,
       -1.8935551890345156e-01, 5.9189792498488922e-04,
       7.3188847280712910e-01, 1.8935644399478199e-01,
       -9.8190361878639720e-01, 3.0692884889780112e-03,
       2.4310240712278444e+00, 0., 0., 0., 1. ]
